0
0
0
0
0
0
0
0
0
0
0
0
0
0
0
0
0
0
0
0
0
0
0
0
0
0
0
0
0
0
0
0
0
0
0
0
0
0
0
0
0
0
0
0
0
0
0
0
0
0
0
0
0
0
0
0
0
0
0
0
0
0
0
0
0
0
0
0
0
0
0
0
0
0
0
0
0
0
0
0
0
0
0
0
0
0
0
0
0
0
0
0
0
0
0
0
0
0
0
0
0
0
0
0
0
0
0
0
0
0
0
0
0
0
0
0
0
0
0
0
0
0
0
0
0
0
0
0
0
0
0
0
0
0
0
0
0
0
0
0
0
0
0
0
0
0
0
0
0
0
0
0
0
0
0
0
0
0
0
0
0
0
0
0
0
0
0
0
0
0
0
0.1
0.1
0.2
0.3
0.4
0.5
0.7
0.9
1.2
1.7
2.3
3.4
4.8
6.1
7.6
9.2
11
12.8
15
17.4
20.2
23.4
26.8
30.5
35
40
45.8
52.5
60.4
69.3
79.2
90.3
102.8
116.8
132
148.4
166.1
185.8
207.1
228.2
248.1
266.9
284.3
306.1
323.2
339.6
353.4
369
385.7
403.4
424.3
444
465.4
483.6
497.7
506
516.3
523.2
528.5
533.4
537.3
540.1
542.9
544.4
545.9
546.5
546.7
546.7
545.7
544.9
543.1
541.1
538.6
536.12
533.26
530.6
527.2
525.22
522.97
520.71